name ActivinA_Nodal BMP4 Cdx2 Dnmt3b Dusp6 EpiTFs Esrrb Fgf4 Fgfr2 Gata6 Gbx2 Gcnf Jarid2 Klf2 Klf4 Lefty1 Lrh1 Myc Mycn Nanog Oct4 Pecam1 Pitx2 Rex1 SignalACT SignalBMP SignalERK SignalFGF SignalLIF SignalPI3K SignalWNT Smad6 Smad7 Sox2 Tbx3 Tcf3
pert_0 -1.555 0.947 3.378 1.268 1.078 1.780 -2.101 -1.002 5.112 3.286 0.290 1.393 -3.393 -2.073 -7.447 0.420 -3.242 2.846 -0.049 -15.507 -16.897 -2.667 2.770 -3.614 0.000 0.000 0.000 0.000 0.000 0.000 0.000 4.112 -2.983 -4.605 -1.984 -3.645
pert_1 -1.544 0.539 3.378 1.128 1.078 1.471 -1.166 0.247 3.833 1.589 0.090 0.949 -3.393 -2.015 -7.447 -0.056 -3.027 1.584 -1.251 -4.792 -16.897 -1.101 2.360 -2.119 0.000 0.000 0.000 0.000 0.000 0.000 0.000 3.603 -1.690 -2.782 -0.965 -2.157
pert_2 -1.502 -1.020 3.378 0.589 1.078 0.291 2.407 5.021 -1.057 -4.900 -0.676 -0.747 -3.393 -1.791 -7.447 -1.879 -2.204 -3.241 -5.850 36.184 -16.897 4.887 0.790 3.598 0.000 0.000 0.000 0.000 0.000 0.000 0.000 1.657 3.255 4.187 2.934 3.534
pert_3 -1.027 0.886 1.386 2.266 1.078 1.666 -2.133 -1.239 3.361 3.190 0.494 0.925 -1.401 -1.139 -7.447 1.536 -1.982 2.695 1.890 -15.507 -5.612 -2.445 1.921 -2.973 0.000 0.000 0.000 0.000 0.000 0.000 0.000 2.457 -2.326 -2.613 -2.178 -2.018
pert_4 -0.943 0.413 1.114 2.241 1.078 1.299 -1.073 0.150 1.665 1.244 0.294 0.357 -1.130 -0.945 -7.447 1.146 -1.565 1.237 0.785 -3.304 -4.073 -0.631 1.337 -1.184 0.000 0.000 0.000 0.000 0.000 0.000 0.000 1.652 -0.763 -0.265 -1.043 -0.102
pert_5 -0.669 -1.117 0.235 2.163 1.078 0.111 2.357 4.647 -3.821 -5.051 -0.354 -1.484 -0.251 -0.317 -7.447 -0.119 -0.216 -3.480 -2.791 36.184 0.908 5.238 -0.551 4.609 0.000 0.000 0.000 0.000 0.000 0.000 0.000 -0.955 4.292 7.330 2.628 6.100
pert_6 1.079 0.641 -6.564 6.246 1.078 1.211 -2.259 -2.186 -3.629 2.806 1.308 -0.940 6.548 2.588 -7.447 5.990 3.045 2.090 9.626 -15.507 39.427 -1.558 -1.470 -0.418 0.000 0.000 0.000 0.000 0.000 0.000 0.000 -4.149 0.298 5.337 -2.951 4.472
pert_7 1.097 -0.015 -6.564 6.019 1.078 0.714 -0.755 -0.177 -5.688 0.075 0.986 -1.654 6.548 2.683 -7.447 5.223 3.391 0.059 7.691 1.740 39.427 0.963 -2.131 1.988 0.000 0.000 0.000 0.000 0.000 0.000 0.000 -4.968 2.379 8.270 -1.310 6.868
pert_8 1.132 -1.326 -6.564 5.567 1.078 -0.278 2.248 3.837 -9.799 -5.379 0.342 -3.080 6.548 2.871 -7.447 3.691 4.083 -3.997 3.825 36.184 39.427 5.997 -3.451 6.794 0.000 0.000 0.000 0.000 0.000 0.000 0.000 -6.605 6.536 14.129 1.967 11.651
pert_9 -1.538 1.034 3.378 0.943 1.078 1.502 -1.758 -0.939 5.122 3.210 0.372 1.429 -2.951 -1.768 -5.143 0.336 -2.907 2.861 -0.049 -15.507 -16.897 -2.544 2.681 -3.404 0.000 0.000 0.000 0.000 0.000 0.000 0.000 4.089 -2.742 -4.605 -1.677 -3.645
pert_10 -1.514 0.662 3.378 0.575 1.078 0.988 -0.540 0.422 3.779 1.366 0.216 0.985 -2.653 -1.500 -3.587 -0.225 -2.454 1.539 -1.319 -4.192 -16.897 -0.806 2.188 -1.683 0.000 0.000 0.000 0.000 0.000 0.000 0.000 3.536 -1.213 -2.680 -0.394 -2.073
pert_11 -1.431 -0.665 3.378 -0.740 1.078 -0.846 3.807 5.279 -1.015 -5.210 -0.340 -0.599 -1.587 -0.545 1.965 -2.225 -0.836 -3.179 -5.850 36.184 -16.897 5.392 0.426 4.456 0.000 0.000 0.000 0.000 0.000 0.000 0.000 1.563 4.241 4.187 4.187 3.534
pert_12 -0.962 1.031 1.252 1.774 1.078 1.180 -1.546 -1.147 3.261 3.052 0.649 0.956 -0.508 -0.553 -3.491 1.466 -1.323 2.711 2.020 -15.507 -4.854 -2.218 1.711 -2.570 0.000 0.000 0.000 0.000 0.000 0.000 0.000 2.307 -1.867 -2.479 -1.664 -1.909
pert_13 -0.835 0.593 0.884 1.485 1.078 0.521 -0.078 0.416 1.360 0.860 0.513 0.353 0.265 -0.028 -1.376 1.003 -0.516 1.131 0.886 -2.211 -2.772 -0.120 0.963 -0.404 0.000 0.000 0.000 0.000 0.000 0.000 0.000 1.349 0.080 0.150 -0.154 0.237
pert_14 -0.468 -0.670 -0.177 0.650 1.078 -1.383 4.161 4.931 -4.128 -5.473 0.123 -1.390 2.498 1.488 4.728 -0.334 1.814 -3.432 -2.391 36.184 3.241 5.937 -1.197 5.850 0.000 0.000 0.000 0.000 0.000 0.000 0.000 -1.418 5.704 7.742 4.209 6.436
pert_15 1.155 1.020 -6.564 4.829 1.078 -0.002 -0.767 -1.912 -3.584 2.475 1.666 -0.783 8.473 3.916 2.585 5.622 4.503 2.156 9.626 -15.507 39.427 -1.019 -1.857 0.496 0.000 0.000 0.000 0.000 0.000 0.000 0.000 -4.248 1.349 5.337 -1.616 4.472
pert_16 1.195 0.389 -6.564 4.204 1.078 -0.874 1.302 0.399 -5.866 -0.655 1.402 -1.536 8.980 4.371 5.228 4.671 5.273 -0.089 7.470 3.707 39.427 1.931 -2.696 3.418 0.000 0.000 0.000 0.000 0.000 0.000 0.000 -5.187 3.944 8.605 0.564 7.141
pert_17 1.262 -0.679 -6.564 3.146 1.078 -2.349 4.798 4.306 -9.722 -5.945 0.954 -2.811 9.837 5.139 9.694 3.062 6.574 -3.885 3.825 36.184 39.427 6.917 -4.113 8.356 0.000 0.000 0.000 0.000 0.000 0.000 0.000 -6.774 8.331 14.129 4.248 11.651
pert_18 -1.367 1.884 3.378 -2.237 1.078 -1.219 1.592 -0.324 5.223 2.466 1.176 1.783 1.370 1.212 17.377 -0.490 0.365 3.009 -0.049 -15.507 -16.897 -1.334 1.812 -1.352 0.000 0.000 0.000 0.000 0.000 0.000 0.000 3.866 -0.382 -4.605 1.320 -3.645
pert_19 -1.352 1.330 3.378 -2.428 1.078 -1.639 2.862 1.374 3.484 0.159 0.904 1.180 1.370 1.292 17.377 -1.138 0.658 1.293 -1.684 -0.939 -16.897 0.795 1.253 0.681 0.000 0.000 0.000 0.000 0.000 0.000 0.000 3.174 1.376 -2.127 2.706 -1.622
pert_20 -1.314 -0.083 3.378 -2.916 1.078 -2.708 6.100 5.700 -0.946 -5.719 0.210 -0.356 1.370 1.495 17.377 -2.790 1.404 -3.078 -5.850 36.184 -16.897 6.220 -0.169 5.860 0.000 0.000 0.000 0.000 0.000 0.000 0.000 1.411 5.856 4.187 6.238 3.534
pert_21 -0.617 1.797 0.546 -0.819 1.078 -1.381 1.547 -0.661 2.733 2.330 1.466 1.119 4.202 2.540 17.377 1.096 2.156 2.794 2.707 -15.507 -0.854 -1.018 0.604 -0.442 0.000 0.000 0.000 0.000 0.000 0.000 0.000 1.513 0.552 -1.773 1.044 -1.333
pert_22 -0.501 1.151 0.175 -0.852 1.078 -1.883 2.995 1.238 0.417 -0.328 1.192 0.341 4.573 2.805 17.377 0.563 2.726 0.802 1.197 1.165 1.249 1.460 -0.193 2.004 0.000 0.000 0.000 0.000 0.000 0.000 0.000 0.413 2.687 1.434 2.595 1.286
pert_23 -0.258 -0.205 -0.605 -0.922 1.078 -2.936 6.036 5.225 -4.448 -5.911 0.618 -1.291 5.353 3.362 17.377 -0.559 3.922 -3.381 -1.974 36.184 5.666 6.665 -1.868 7.140 0.000 0.000 0.000 0.000 0.000 0.000 0.000 -1.899 7.170 8.170 5.851 6.785
pert_24 1.267 1.579 -6.564 2.740 1.078 -1.789 1.433 -1.508 -3.518 1.987 2.194 -0.550 11.312 5.874 17.377 5.080 6.652 2.253 9.626 -15.507 39.427 -0.225 -2.429 1.844 0.000 0.000 0.000 0.000 0.000 0.000 0.000 -4.395 2.899 5.337 0.353 4.472
pert_25 1.289 0.776 -6.564 2.463 1.078 -2.396 3.273 0.951 -6.036 -1.354 1.800 -1.423 11.312 5.989 17.377 4.141 7.076 -0.232 7.258 5.592 39.427 2.859 -3.237 4.788 0.000 0.000 0.000 0.000 0.000 0.000 0.000 -5.397 5.445 8.926 2.360 7.403
pert_26 1.321 -0.388 -6.564 2.061 1.078 -3.277 5.941 4.516 -9.687 -6.199 1.228 -2.690 11.312 6.156 17.377 2.780 7.691 -3.834 3.825 36.184 39.427 7.330 -4.409 9.056 0.000 0.000 0.000 0.000 0.000 0.000 0.000 -6.850 9.136 14.129 5.271 11.651
