name ActivinA_Nodal BMP4 Cdx2 Dnmt3b Dusp6 EpiTFs Esrrb Fgf4 Fgfr2 Gata6 Gbx2 Gcnf Jarid2 Klf2 Klf4 Lefty1 Lrh1 Myc Mycn Nanog Oct4 Pecam1 Pitx2 Rex1 SignalACT SignalBMP SignalERK SignalFGF SignalLIF SignalPI3K SignalWNT Smad6 Smad7 Sox2 Tbx3 Tcf3
pert_0 -1.567 0.941 3.425 1.268 1.086 1.765 -2.049 -0.942 5.084 3.219 0.269 1.387 -3.418 -2.036 -7.421 0.404 -3.243 2.817 -0.086 -15.120 -17.053 -2.596 2.766 -3.555 0.000 0.000 0.000 0.000 0.000 0.000 0.000 4.112 -2.932 -4.559 -1.922 -3.614
pert_1 -1.556 0.547 3.425 1.132 1.086 1.467 -1.145 0.265 3.848 1.579 0.075 0.958 -3.418 -1.980 -7.421 -0.057 -3.035 1.596 -1.249 -4.759 -17.053 -1.082 2.369 -2.110 0.000 0.000 0.000 0.000 0.000 0.000 0.000 3.620 -1.682 -2.797 -0.936 -2.175
pert_2 -1.515 -0.977 3.425 0.606 1.086 0.314 2.346 4.931 -0.931 -4.762 -0.673 -0.699 -3.418 -1.761 -7.421 -1.838 -2.231 -3.119 -5.742 35.281 -17.053 4.770 0.835 3.477 0.000 0.000 0.000 0.000 0.000 0.000 0.000 1.718 3.150 4.013 2.874 3.386
pert_3 -1.030 0.879 1.400 2.282 1.086 1.649 -2.081 -1.184 3.303 3.122 0.477 0.912 -1.393 -1.087 -7.421 1.539 -1.963 2.663 1.885 -15.120 -5.579 -2.370 1.902 -2.904 0.000 0.000 0.000 0.000 0.000 0.000 0.000 2.429 -2.264 -2.534 -2.119 -1.960
pert_4 -0.948 0.419 1.136 2.259 1.086 1.292 -1.051 0.167 1.655 1.230 0.282 0.359 -1.129 -0.898 -7.421 1.159 -1.557 1.245 0.811 -3.255 -4.082 -0.606 1.335 -1.164 0.000 0.000 0.000 0.000 0.000 0.000 0.000 1.646 -0.745 -0.252 -1.016 -0.097
pert_5 -0.681 -1.073 0.278 2.182 1.086 0.133 2.296 4.556 -3.699 -4.914 -0.350 -1.438 -0.271 -0.285 -7.421 -0.075 -0.241 -3.358 -2.679 35.281 0.778 5.121 -0.507 4.488 0.000 0.000 0.000 0.000 0.000 0.000 0.000 -0.897 4.188 7.160 2.567 5.955
pert_6 1.091 0.633 -6.608 6.291 1.086 1.190 -2.209 -2.138 -3.737 2.735 1.297 -0.967 6.615 2.668 -7.421 6.025 3.101 2.054 9.678 -15.120 39.789 -1.476 -1.513 -0.330 0.000 0.000 0.000 0.000 0.000 0.000 0.000 -4.225 0.378 5.474 -2.898 4.578
pert_7 1.109 -0.012 -6.608 6.069 1.086 0.702 -0.731 -0.162 -5.761 0.051 0.980 -1.669 6.615 2.761 -7.421 5.271 3.442 0.057 7.775 1.832 39.789 1.002 -2.163 2.035 0.000 0.000 0.000 0.000 0.000 0.000 0.000 -5.030 2.424 8.357 -1.285 6.932
pert_8 1.143 -1.285 -6.608 5.629 1.086 -0.261 2.186 3.736 -9.753 -5.246 0.355 -3.054 6.615 2.943 -7.421 3.783 4.114 -3.882 4.022 35.281 39.789 5.890 -3.444 6.702 0.000 0.000 0.000 0.000 0.000 0.000 0.000 -6.619 6.461 14.046 1.898 11.577
pert_9 -1.550 1.029 3.425 0.940 1.086 1.484 -1.703 -0.879 5.095 3.143 0.352 1.424 -2.973 -1.729 -5.098 0.319 -2.906 2.832 -0.086 -15.120 -17.053 -2.471 2.677 -3.344 0.000 0.000 0.000 0.000 0.000 0.000 0.000 4.089 -2.689 -4.559 -1.613 -3.614
pert_10 -1.527 0.669 3.425 0.584 1.086 0.987 -0.524 0.439 3.794 1.358 0.201 0.994 -2.683 -1.470 -3.592 -0.224 -2.467 1.552 -1.315 -4.165 -17.053 -0.789 2.199 -1.678 0.000 0.000 0.000 0.000 0.000 0.000 0.000 3.554 -1.209 -2.696 -0.370 -2.092
pert_11 -1.445 -0.627 3.425 -0.700 1.086 -0.804 3.723 5.184 -0.890 -5.067 -0.343 -0.554 -1.643 -0.536 1.833 -2.178 -0.886 -3.058 -5.742 35.281 -17.053 5.267 0.478 4.320 0.000 0.000 0.000 0.000 0.000 0.000 0.000 1.626 4.119 4.013 4.105 3.386
pert_12 -0.964 1.026 1.265 1.785 1.086 1.158 -1.488 -1.090 3.202 2.983 0.633 0.943 -0.490 -0.494 -3.419 1.468 -1.296 2.679 2.017 -15.120 -4.812 -2.140 1.690 -2.496 0.000 0.000 0.000 0.000 0.000 0.000 0.000 2.277 -1.800 -2.399 -1.599 -1.850
pert_13 -0.840 0.600 0.907 1.503 1.086 0.515 -0.057 0.433 1.350 0.846 0.501 0.355 0.264 0.018 -1.358 1.016 -0.509 1.139 0.911 -2.164 -2.782 -0.096 0.961 -0.386 0.000 0.000 0.000 0.000 0.000 0.000 0.000 1.344 0.097 0.163 -0.127 0.242
pert_14 -0.483 -0.632 -0.128 0.689 1.086 -1.342 4.077 4.836 -4.002 -5.330 0.120 -1.344 2.441 1.496 4.595 -0.288 1.763 -3.310 -2.284 35.281 3.082 5.812 -1.145 5.714 0.000 0.000 0.000 0.000 0.000 0.000 0.000 -1.354 5.581 7.567 4.127 6.287
pert_15 1.168 1.015 -6.608 4.862 1.086 -0.033 -0.703 -1.861 -3.692 2.401 1.658 -0.808 8.557 4.008 2.701 5.654 4.572 2.120 9.678 -15.120 39.789 -0.932 -1.904 0.592 0.000 0.000 0.000 0.000 0.000 0.000 0.000 -4.325 1.439 5.474 -1.550 4.578
pert_16 1.207 0.393 -6.608 4.246 1.086 -0.892 1.335 0.416 -5.939 -0.682 1.397 -1.551 9.056 4.455 5.304 4.716 5.331 -0.092 7.554 3.807 39.789 1.974 -2.730 3.470 0.000 0.000 0.000 0.000 0.000 0.000 0.000 -5.250 3.996 8.693 0.597 7.206
pert_17 1.272 -0.641 -6.608 3.221 1.086 -2.321 4.723 4.202 -9.676 -5.809 0.964 -2.786 9.887 5.200 9.632 3.157 6.592 -3.770 4.022 35.281 39.789 6.806 -4.103 8.256 0.000 0.000 0.000 0.000 0.000 0.000 0.000 -6.788 8.247 14.046 4.167 11.577
pert_18 -1.380 1.875 3.425 -2.224 1.086 -1.223 1.631 -0.266 5.195 2.403 1.152 1.776 1.328 1.237 17.315 -0.503 0.351 2.979 -0.086 -15.120 -17.053 -1.267 1.811 -1.302 0.000 0.000 0.000 0.000 0.000 0.000 0.000 3.867 -0.341 -4.559 1.370 -3.614
pert_19 -1.365 1.335 3.425 -2.411 1.086 -1.632 2.869 1.388 3.500 0.154 0.887 1.188 1.328 1.315 17.315 -1.135 0.636 1.307 -1.679 -0.920 -17.053 0.808 1.267 0.680 0.000 0.000 0.000 0.000 0.000 0.000 0.000 3.193 1.373 -2.144 2.721 -1.642
pert_20 -1.328 -0.042 3.425 -2.887 1.086 -2.675 6.026 5.607 -0.821 -5.578 0.210 -0.310 1.328 1.513 17.315 -2.746 1.364 -2.957 -5.742 35.281 -17.053 6.098 -0.120 5.730 0.000 0.000 0.000 0.000 0.000 0.000 0.000 1.473 5.741 4.013 6.166 3.386
pert_21 -0.621 1.787 0.563 -0.792 1.086 -1.387 1.585 -0.607 2.678 2.265 1.445 1.105 4.190 2.579 17.315 1.100 2.161 2.761 2.700 -15.120 -0.838 -0.948 0.590 -0.382 0.000 0.000 0.000 0.000 0.000 0.000 0.000 1.489 0.603 -1.697 1.092 -1.277
pert_22 -0.508 1.155 0.200 -0.824 1.086 -1.878 3.002 1.251 0.411 -0.337 1.177 0.344 4.553 2.839 17.315 0.578 2.719 0.812 1.222 1.198 1.221 1.478 -0.190 2.012 0.000 0.000 0.000 0.000 0.000 0.000 0.000 0.412 2.693 1.442 2.609 1.286
pert_23 -0.272 -0.165 -0.559 -0.892 1.086 -2.903 5.962 5.132 -4.324 -5.770 0.618 -1.245 5.312 3.381 17.315 -0.513 3.883 -3.260 -1.865 35.281 5.520 6.543 -1.819 7.011 0.000 0.000 0.000 0.000 0.000 0.000 0.000 -1.838 7.056 7.997 5.778 6.639
pert_24 1.279 1.567 -6.608 2.799 1.086 -1.798 1.471 -1.462 -3.627 1.919 2.180 -0.578 11.361 5.942 17.315 5.118 6.696 2.216 9.678 -15.120 39.789 -0.147 -2.468 1.924 0.000 0.000 0.000 0.000 0.000 0.000 0.000 -4.470 2.970 5.474 0.395 4.578
pert_25 1.300 0.776 -6.608 2.525 1.086 -2.397 3.284 0.961 -6.108 -1.373 1.791 -1.439 11.361 6.055 17.315 4.193 7.113 -0.233 7.345 5.671 39.789 2.891 -3.265 4.824 0.000 0.000 0.000 0.000 0.000 0.000 0.000 -5.457 5.479 9.010 2.373 7.465
pert_26 1.331 -0.351 -6.608 2.136 1.086 -3.249 5.866 4.412 -9.642 -6.062 1.238 -2.665 11.361 6.217 17.315 2.876 7.708 -3.720 4.022 35.281 39.789 7.218 -4.399 8.956 0.000 0.000 0.000 0.000 0.000 0.000 0.000 -6.864 9.052 14.046 5.190 11.577
