name A B C D E F
pert_0 0.5999999999999999 2.9281432003389147 -2.5 -9.0 -4.07653718043597 -4.67653718043597
pert_1 0.5999999999999999 1.470979164495117 -2.5 -1.3676215993973 -0.11063565819973598 -0.7106356581997358
pert_2 0.5999999999999999 -2.7994217272721214 -2.5 21.0 11.511920087683928 10.911920087683928
pert_3 0.5999999999999999 1.5792194637353953 1.1713058424239888 -9.0 -4.07653718043597 -4.67653718043597
pert_4 0.5999999999999999 0.39213256795740736 0.10292150413484302 -0.7261543150526877 0.22267785228036202 -0.37732214771963785
pert_5 0.5999999999999999 -2.7250165741133 -2.7025149005676075 21.0 11.511920087683928 10.911920087683928
pert_6 0.5999999999999999 1.091025893251531 2.5 -9.0 -4.07653718043597 -4.67653718043597
pert_7 0.5999999999999999 -0.6013893229463844 2.5 -0.13541702808215883 0.5296369373893945 -0.07036306261060528
pert_8 0.5999999999999999 -4.636539034359505 2.5 21.0 11.511920087683928 10.911920087683928
