name ActivinA_Nodal BMP4 Cdx2 Dnmt3b Dusp6 EpiTFs Esrrb Fgf4 Fgfr2 Gata6 Gbx2 Gcnf Jarid2 Klf2 Klf4 Lefty1 Lrh1 Myc Mycn Nanog Oct4 Pecam1 Pitx2 Rex1 SignalACT SignalBMP SignalERK SignalFGF SignalLIF SignalPI3K SignalWNT Smad6 Smad7 Sox2 Tbx3 Tcf3
pert_0 -1.554 0.919 3.397 1.289 1.073 1.813 -2.161 -1.006 5.125 3.278 0.260 1.388 -3.459 -2.079 -7.762 0.429 -3.285 2.811 -0.063 -15.411 -16.891 -2.652 2.788 -3.627 0.000 0.000 0.000 0.000 0.000 0.000 0.000 4.105 -3.019 -4.590 -2.008 -3.624
pert_1 -1.543 0.517 3.397 1.150 1.073 1.508 -1.238 0.227 3.862 1.602 0.062 0.950 -3.459 -2.021 -7.762 -0.041 -3.072 1.565 -1.251 -4.828 -16.891 -1.105 2.383 -2.150 0.000 0.000 0.000 0.000 0.000 0.000 0.000 3.602 -1.742 -2.790 -1.001 -2.154
pert_2 -1.501 -1.035 3.397 0.614 1.073 0.334 2.319 4.980 -1.006 -4.857 -0.700 -0.738 -3.459 -1.798 -7.762 -1.856 -2.253 -3.239 -5.829 35.959 -16.891 4.856 0.820 3.541 0.000 0.000 0.000 0.000 0.000 0.000 0.000 1.664 3.180 4.148 2.880 3.510
pert_3 -1.028 0.858 1.413 2.282 1.073 1.700 -2.192 -1.242 3.381 3.182 0.463 0.922 -1.475 -1.149 -7.762 1.541 -2.030 2.660 1.867 -15.411 -5.651 -2.430 1.942 -2.989 0.000 0.000 0.000 0.000 0.000 0.000 0.000 2.456 -2.364 -2.606 -2.201 -2.004
pert_4 -0.944 0.391 1.145 2.258 1.073 1.337 -1.145 0.131 1.705 1.259 0.265 0.360 -1.206 -0.957 -7.762 1.155 -1.618 1.219 0.775 -3.349 -4.130 -0.638 1.365 -1.219 0.000 0.000 0.000 0.000 0.000 0.000 0.000 1.660 -0.820 -0.286 -1.079 -0.110
pert_5 -0.672 -1.132 0.270 2.180 1.073 0.155 2.269 4.608 -3.756 -5.008 -0.380 -1.473 -0.331 -0.332 -7.762 -0.104 -0.275 -3.476 -2.785 35.959 0.828 5.205 -0.514 4.546 0.000 0.000 0.000 0.000 0.000 0.000 0.000 -0.934 4.212 7.275 2.576 6.064
pert_6 1.080 0.614 -6.541 6.264 1.073 1.244 -2.319 -2.190 -3.613 2.798 1.278 -0.944 6.479 2.581 -7.762 5.997 3.000 2.055 9.608 -15.411 39.413 -1.543 -1.451 -0.432 0.000 0.000 0.000 0.000 0.000 0.000 0.000 -4.153 0.260 5.348 -2.974 4.490
pert_7 1.097 -0.037 -6.541 6.039 1.073 0.751 -0.827 -0.196 -5.655 0.089 0.958 -1.653 6.479 2.674 -7.762 5.236 3.344 0.040 7.687 1.700 39.413 0.958 -2.106 1.956 0.000 0.000 0.000 0.000 0.000 0.000 0.000 -4.966 2.325 8.258 -1.346 6.867
pert_8 1.133 -1.341 -6.541 5.589 1.073 -0.235 2.160 3.796 -9.744 -5.336 0.318 -3.071 6.479 2.862 -7.762 3.712 4.032 -3.994 3.843 35.959 39.413 5.965 -3.419 6.735 0.000 0.000 0.000 0.000 0.000 0.000 0.000 -6.594 6.460 14.085 1.913 11.624
pert_9 -1.534 1.018 3.397 0.922 1.073 1.499 -1.774 -0.935 5.137 3.192 0.352 1.429 -2.960 -1.735 -5.164 0.334 -2.907 2.828 -0.063 -15.411 -16.891 -2.512 2.688 -3.390 0.000 0.000 0.000 0.000 0.000 0.000 0.000 4.079 -2.747 -4.590 -1.662 -3.624
pert_10 -1.511 0.649 3.397 0.557 1.073 0.990 -0.566 0.415 3.804 1.363 0.198 0.989 -2.664 -1.470 -3.620 -0.222 -2.457 1.516 -1.323 -4.186 -16.891 -0.789 2.198 -1.683 0.000 0.000 0.000 0.000 0.000 0.000 0.000 3.530 -1.231 -2.681 -0.388 -2.065
pert_11 -1.428 -0.670 3.397 -0.750 1.073 -0.833 3.756 5.244 -0.963 -5.176 -0.356 -0.587 -1.605 -0.519 1.900 -2.211 -0.849 -3.175 -5.829 35.959 -16.891 5.374 0.447 4.421 0.000 0.000 0.000 0.000 0.000 0.000 0.000 1.569 4.192 4.148 4.166 3.510
pert_12 -0.958 1.015 1.270 1.754 1.073 1.178 -1.562 -1.143 3.273 3.035 0.629 0.956 -0.515 -0.519 -3.510 1.466 -1.321 2.677 2.007 -15.411 -4.836 -2.186 1.716 -2.555 0.000 0.000 0.000 0.000 0.000 0.000 0.000 2.295 -1.872 -2.462 -1.649 -1.887
pert_13 -0.831 0.580 0.904 1.466 1.073 0.523 -0.104 0.410 1.385 0.856 0.495 0.356 0.253 0.003 -1.410 1.005 -0.520 1.108 0.880 -2.205 -2.768 -0.102 0.974 -0.404 0.000 0.000 0.000 0.000 0.000 0.000 0.000 1.343 0.063 0.149 -0.148 0.245
pert_14 -0.467 -0.675 -0.150 0.636 1.073 -1.370 4.110 4.897 -4.070 -5.438 0.106 -1.376 2.472 1.509 4.658 -0.324 1.796 -3.427 -2.376 35.959 3.208 5.919 -1.173 5.813 0.000 0.000 0.000 0.000 0.000 0.000 0.000 -1.407 5.652 7.695 4.188 6.407
pert_15 1.158 1.004 -6.541 4.806 1.073 -0.003 -0.783 -1.908 -3.567 2.457 1.646 -0.782 8.460 3.947 2.562 5.619 4.500 2.123 9.608 -15.411 39.413 -0.988 -1.849 0.509 0.000 0.000 0.000 0.000 0.000 0.000 0.000 -4.256 1.342 5.348 -1.600 4.490
pert_16 1.198 0.375 -6.541 4.184 1.073 -0.872 1.275 0.392 -5.837 -0.657 1.383 -1.532 8.965 4.400 5.191 4.671 5.266 -0.111 7.462 3.710 39.413 1.948 -2.684 3.416 0.000 0.000 0.000 0.000 0.000 0.000 0.000 -5.190 3.925 8.600 0.569 7.146
pert_17 1.264 -0.684 -6.541 3.134 1.073 -2.336 4.747 4.272 -9.666 -5.910 0.938 -2.797 9.816 5.163 9.626 3.074 6.559 -3.880 3.843 35.959 39.413 6.899 -4.090 8.320 0.000 0.000 0.000 0.000 0.000 0.000 0.000 -6.766 8.281 14.085 4.227 11.624
pert_18 -1.358 1.897 3.397 -2.365 1.073 -1.313 1.688 -0.299 5.241 2.424 1.183 1.795 1.506 1.345 18.111 -0.520 0.475 2.981 -0.063 -15.411 -16.891 -1.262 1.789 -1.269 0.000 0.000 0.000 0.000 0.000 0.000 0.000 3.849 -0.309 -4.590 1.436 -3.624
pert_19 -1.343 1.341 3.397 -2.556 1.073 -1.733 2.961 1.402 3.498 0.112 0.910 1.191 1.506 1.425 18.111 -1.169 0.768 1.262 -1.702 -0.813 -16.891 0.871 1.230 0.768 0.000 0.000 0.000 0.000 0.000 0.000 0.000 3.155 1.453 -2.107 2.825 -1.597
pert_20 -1.305 -0.058 3.397 -3.039 1.073 -2.792 6.168 5.687 -0.890 -5.711 0.223 -0.332 1.506 1.626 18.111 -2.805 1.507 -3.069 -5.829 35.959 -16.891 6.245 -0.179 5.898 0.000 0.000 0.000 0.000 0.000 0.000 0.000 1.408 5.891 4.148 6.323 3.510
pert_21 -0.600 1.809 0.538 -0.933 1.073 -1.476 1.642 -0.639 2.727 2.286 1.476 1.124 4.365 2.686 18.111 1.082 2.283 2.763 2.719 -15.411 -0.692 -0.943 0.569 -0.350 0.000 0.000 0.000 0.000 0.000 0.000 0.000 1.473 0.635 -1.731 1.158 -1.289
pert_22 -0.484 1.161 0.166 -0.966 1.073 -1.979 3.095 1.265 0.404 -0.380 1.202 0.344 4.737 2.952 18.111 0.547 2.854 0.766 1.205 1.310 1.417 1.542 -0.230 2.102 0.000 0.000 0.000 0.000 0.000 0.000 0.000 0.369 2.776 1.486 2.712 1.337
pert_23 -0.244 -0.181 -0.606 -1.035 1.073 -3.021 6.104 5.210 -4.410 -5.904 0.633 -1.271 5.509 3.503 18.111 -0.562 4.038 -3.373 -1.933 35.959 5.787 6.692 -1.887 7.185 0.000 0.000 0.000 0.000 0.000 0.000 0.000 -1.918 7.212 8.150 5.934 6.778
pert_24 1.276 1.591 -6.541 2.611 1.073 -1.882 1.530 -1.483 -3.497 1.944 2.201 -0.537 11.444 6.005 18.111 5.048 6.760 2.225 9.608 -15.411 39.413 -0.153 -2.450 1.925 0.000 0.000 0.000 0.000 0.000 0.000 0.000 -4.410 2.971 5.348 0.469 4.490
pert_25 1.298 0.787 -6.541 2.333 1.073 -2.490 3.372 0.979 -6.019 -1.401 1.806 -1.412 11.444 6.120 18.111 4.108 7.184 -0.263 7.237 5.716 39.413 2.934 -3.259 4.873 0.000 0.000 0.000 0.000 0.000 0.000 0.000 -5.413 5.520 8.941 2.479 7.424
pert_26 1.329 -0.364 -6.541 1.936 1.073 -3.361 6.009 4.503 -9.628 -6.190 1.241 -2.664 11.444 6.286 18.111 2.763 7.792 -3.825 3.843 35.959 39.413 7.354 -4.418 9.093 0.000 0.000 0.000 0.000 0.000 0.000 0.000 -6.850 9.170 14.085 5.357 11.624
