name A B C D E F
pert_0 0.6999999999999998 3.129740624804785 -2.5 -10.5 -4.755960043841964 -5.455960043841964
pert_1 0.6999999999999998 1.410111651290845 -2.5 -1.4928748183539216 -0.07571888493393131 -0.7757188849339312
pert_2 0.6999999999999998 -3.5524184574080904 -2.5 24.5 13.43057343563125 12.73057343563125
pert_3 0.6999999999999998 1.730719238712318 1.3076523583814963 -10.5 -4.755960043841964 -5.455960043841964
pert_4 0.6999999999999998 0.34780540972256646 0.06302088726770816 -0.8612410282851306 0.252487075770964 -0.4475129242290358
pert_5 0.6999999999999998 -3.290886244543733 -3.2118010768651764 24.5 13.43057343563125 12.73057343563125
pert_6 0.6999999999999998 1.2926233177174011 2.5 -10.5 -4.755960043841964 -5.455960043841964
pert_7 0.6999999999999998 -0.6622568361506566 2.5 -0.2606702470387804 0.5645537106551994 -0.1354462893448004
pert_8 0.6999999999999998 -5.3895357644954744 2.5 24.5 13.43057343563125 12.73057343563125
