name A B C D E F
pert_0 0.5999999999999999 2.828143200338915 -2.5 -9.0 -4.07653718043597 -4.67653718043597
pert_1 0.5999999999999999 1.3709791644951168 -2.5 -1.3676215993973 -0.11063565819973598 -0.7106356581997358
pert_2 0.5999999999999999 -2.8994217272721214 -2.5 21.0 11.511920087683928 10.911920087683928
pert_3 0.5999999999999999 1.504069943659148 1.1036672846644362 -9.0 -4.07653718043597 -4.67653718043597
pert_4 0.5999999999999999 0.3193006990129941 0.03737275116562899 -0.7423076353584274 0.2142842414564599 -0.38571575854353995
pert_5 0.5999999999999999 -2.800166044678996 -2.770148966138255 21.0 11.511920087683928 10.911920087683928
pert_6 0.5999999999999999 0.9910258932515311 2.5 -9.0 -4.07653718043597 -4.67653718043597
pert_7 0.5999999999999999 -0.7013893229463843 2.5 -0.13541702808215883 0.5296369373893945 -0.07036306261060528
pert_8 0.5999999999999999 -4.736539034359506 2.5 21.0 11.511920087683928 10.911920087683928
